1.778048096106410181e-01
2.272004749000000157e+00
2.901280971999999903e+00
1.115486291714165024e+00
8.654450170999999914e-02
-1.550046436999999999e-01
1.213549835234021490e+00
-9.928360941000000106e-02
8.390060248000000276e-02
2.995897967852177324e+00
2.552204154000000003e+00
9.221727597000000110e-01
2.071761864495107464e-01
5.502485000005208349e-02
9.508000959000000030e-02
3.681903604565289062e-02
2.007425895000000127e-01
1.312900267150501066e-01
6.841418200000004557e-03
1.617692877000000085e+00
6.048533965000000290e-01
2.917368688521750353e-01
4.801369598949999790e-02
2.131149858999999841e-02
2.895972743478249511e-01
-7.192357692999999663e-02
-1.745312565959999951e-01
9.841094096000000402e-01
3.695809758999999972e-01
6.324603184000000544e-01
