6.660075412080000007e-04
-5.018826805999999918e-03
6.286608527000000016e-03
3.048932499092031623e-02
1.556280543999999887e-04
-9.868398023000000789e-04
2.969954225005337622e-02
-1.040459305999999977e-04
-1.720618218999999879e-02
-6.115817634285314330e-03
9.206219523000000460e-02
-7.160509502999999609e-02
4.478947782496805335e-02
-2.587497499999358297e-02
-1.702524154000000108e-04
3.586396960294546687e-02
2.065771972000000119e-03
5.212662468955623490e-02
7.266659459999999862e-03
-2.211584699000000015e-02
1.101498149000000072e-02
4.842033369602749548e-02
2.263151521124999802e-02
-4.728033532999999927e-02
5.360762198397250183e-02
-4.830011232999999876e-03
-1.109411077249999877e-02
-6.112365574999999857e-02
-8.011166404999999768e-01
4.640287357999999807e-01
