7.834864497453797316e-02
3.680212531629573763e-02
-2.341436549206501322e-02
-1.565908563899555683e-01
9.626354760464779503e-02
1.354103296203543541e-02
-5.425362885583776551e-01
6.525952411450872126e-02
-2.583200508845620233e-02
6.019109491490400726e-02
8.667462924952200332e-02
-1.428299688806305978e-01
1.123332856548630437e-01
2.914989267271942547e-02
-6.030096983091802476e-02
-1.084470962598389765e-01
-5.859183869036336395e-02
5.167821740165633171e-02
1.047450306673461395e-02
1.043058081905623991e-01
-2.144737390365794583e-02
5.291970040411864834e-02
7.729560035304794408e-02
-1.023978997653385570e-01
1.235373171876816695e-01
3.698197127704594411e-02
-8.497660201074883068e-03
-7.578071327169907945e-02
-9.764774487327325669e-01
5.675625842081148953e-01
