2.080497581797000062e-03
1.448285048000000081e-04
2.246430039000000059e-03
2.802653715224432546e-02
7.952220928000000490e-04
-3.298776176999999952e-03
2.496995936820776280e-02
-4.988180830000000414e-04
-1.698837246000000148e-02
-1.172247506551404167e-02
2.268655592000000029e-04
7.848550820000000446e-06
3.875149161496665995e-02
-2.527470999999081869e-02
-1.171490792999999969e-04
3.008789461272637356e-02
1.385229770999999929e-03
5.029933335859536336e-02
7.446235587000000523e-03
3.478523911000000175e-05
8.994726899999999636e-04
5.290927438613700351e-02
1.135467516646500134e-02
-4.811596003000000177e-02
4.029656066386300139e-02
-1.413261581999999917e-03
-1.816116012860000128e-02
-5.948775407999999654e-02
2.560982315000000033e-06
1.754648732000000100e-01
