1.996113204414804443e-01
5.900118244890404373e-01
1.393578892842400885e+00
9.689439810436857314e-01
-2.611285285383835308e-02
-3.779768948187078870e-02
6.618918139963341218e-01
-1.766164847981199770e-02
-1.238712030721678126e-02
1.970258170912130957e+00
1.771355585557374157e+00
6.999773478464984544e-01
1.631534518067396244e-01
1.746950122180102039e-02
4.219531138952098415e-02
3.043596493876660897e-02
1.408801415547181191e-03
8.750899965848563111e-02
-2.733736087080981120e-02
1.105695447914418317e+00
3.647133545433775548e-01
-1.278707206172698119e-02
8.477899800656803209e-02
-1.282927035289192080e-02
1.136721314446751119e-01
-4.451047795874241153e-04
-8.878194487528306977e-02
4.269950797632606765e-01
3.144243007044234539e-01
6.552271502787484492e-01
