1.462637810357099999e-01
5.693763885999999497e-01
1.409807255999999898e+00
1.009891414225555506e+00
1.456071687000000045e-02
-3.870437619000000051e-02
6.965810067978484010e-01
-3.692004558999999880e-02
-1.413076262999999992e-02
1.960425135101515393e+00
1.794553427999999951e+00
6.916641330999999671e-01
1.370531386294989717e-01
3.937350000001060835e-03
2.062298614000000058e-02
6.297368780320310166e-02
2.566068641999999858e-02
9.328034251992213532e-02
-2.793268037999999814e-02
1.057429165999999920e+00
3.932009510000000208e-01
3.749079588339999936e-02
3.572187746374999584e-02
-4.392620231000000236e-03
1.285950393866000241e-01
-3.588643526000000043e-04
-9.094399569000000128e-02
4.268225460000000249e-01
3.951193352999999853e-01
6.202772761000000523e-01
