1.595015128115273018e-01
2.424936648000000083e+00
2.805229113000000218e+00
1.158472983199516637e+00
8.681765559000000076e-02
-1.312680908999999951e-01
1.279704314329791703e+00
-1.054924874999999956e-01
7.868747962000000040e-02
2.984100434200769758e+00
2.521912164000000178e+00
9.249446980000000096e-01
2.629032225852004356e-01
7.925041000001442626e-02
1.201257112999999932e-01
7.334901876479921201e-02
2.669275494000000193e-01
1.308166757799832380e-01
2.395260000004340029e-05
1.622664370999999939e+00
5.848878963000000430e-01
2.885386505251000266e-01
6.723712561849999603e-02
3.419258472000000215e-02
2.988862680648999848e-01
-7.886290185000000008e-02
-1.745144642999999773e-01
9.867332919000000313e-01
3.726658314999999888e-01
6.352898505999999834e-01
