1.007164484383515912e-01
2.521604658371024321e+00
2.735859652241618090e+00
1.167598520824716601e+00
9.019655580903140901e-02
-1.142000688341702208e-01
1.016209923128492676e+00
-1.864198511568257999e-01
7.983364138890317041e-02
3.015194920076744722e+00
2.463932058523581325e+00
9.452646909818529508e-01
3.539951830905021524e-01
7.200040558899156729e-02
1.503040236608422786e-01
-8.129258918557868974e-02
2.666434170565709083e-01
1.431447738464468600e-01
-5.710670864619887994e-03
1.657395423971000703e+00
5.632733783320589271e-01
1.963191061321467590e-01
9.841732224328281209e-02
7.526152917526243713e-02
3.043416193403740699e-01
-1.084493346865871011e-01
-1.687977963750153798e-01
9.811934541197906423e-01
3.294832539610825783e-01
6.787172432129127131e-01
