1.595021502684954018e-01
2.424939086000000188e+00
2.805227545000000156e+00
1.158480839994915579e+00
8.681560547000000128e-02
-1.312661967000000041e-01
1.279703165134940201e+00
-1.054933004000000035e-01
7.868716543999999813e-02
2.984098485100198150e+00
2.521910829999999937e+00
9.249450512000000346e-01
2.629052791798558442e-01
7.925019000003885594e-02
1.201259370999999965e-01
7.334869336190427691e-02
2.669311273000000151e-01
1.308169090900572762e-01
2.339109999999200440e-05
1.622663809999999929e+00
5.848874500999999837e-01
2.885363835290499779e-01
6.723782856149999876e-02
3.419408855000000136e-02
2.988865080909500205e-01
-7.886449192000000163e-02
-1.745143204969999695e-01
9.867333292000000089e-01
3.726654705999999928e-01
6.352903907000000405e-01
