1.465761417940000255e-01
4.756944882999999957e-01
1.323623999999999912e+00
5.905815031041510288e-01
-1.688758313000000150e-02
-8.438611824999999247e-03
3.210205993922881085e-01
-4.492801042000000092e-04
-5.227551106000000170e-02
1.323300364550254127e+00
1.710260555999999932e+00
6.676619077000000013e-01
1.706946690807346623e-01
-6.230799999912051135e-03
3.349681665999999780e-02
6.148131570615239516e-02
2.646893523000000067e-02
4.457681526494289975e-02
-2.283428327999999577e-02
9.909313507000000465e-01
3.600468132999999904e-01
-1.544215553074997083e-03
5.045853079534999563e-02
-5.170877959000000010e-03
1.054922059630749864e-01
7.979373822000000727e-03
-2.698801571500000079e-02
1.692877667000000086e-01
6.419157846999999639e-02
5.663633998999999530e-01
