1.526831630380000027e-01
5.480340584999999765e-01
1.259498541999999999e+00
5.819676111467191326e-01
-1.355509738000000054e-02
-1.735369439000000041e-02
3.370295293169323081e-01
-7.989552777999999952e-03
-5.029669851000000136e-02
1.320760233600482003e+00
1.718982210000000066e+00
6.547204661000000092e-01
1.768549725198038935e-01
-3.734600000029786315e-03
3.702967005999999867e-02
6.173003229679981801e-02
2.636896882000000150e-02
4.324640248000737042e-02
-2.336161854000000024e-02
9.850733713999999530e-01
3.699141396000000248e-01
-2.426922198399993676e-03
5.253172846375000343e-02
-6.451663677000000173e-03
1.098322189883999961e-01
6.375968973999999664e-03
-2.743880954000000455e-02
1.696026143000000097e-01
7.564725339000000215e-02
5.601339262000000208e-01
