2.497091905577697446e-01
5.533376731059069797e-01
1.250526527581134584e+00
5.213551324367440287e-01
-7.000965293497141140e-02
-2.017444100994270073e-02
3.356123385926368385e-01
4.305555774981684181e-02
-4.840038154588605090e-02
1.330232360767631183e+00
1.705942670483253876e+00
6.703061290237811720e-01
1.991853104993925316e-01
1.144714020907521349e-02
6.818625807269768080e-02
-6.886887860447610255e-03
2.139146528064225783e-02
3.636580679681572503e-02
-2.439497946955513155e-02
1.042729267352145328e+00
3.269217817062473608e-01
-5.434051509419177139e-02
1.045337819232273757e-01
-2.191620334075339988e-02
8.831230439502284202e-02
1.486475356966992720e-02
-2.420904292949470002e-02
1.688589606919542185e-01
-1.898731635179258873e-02
6.086167098689253541e-01
