1.527173716717000196e-01
5.480239851000000550e-01
1.259501438000000029e+00
5.819321472025059672e-01
-1.354616026999999959e-02
-1.735211219000000124e-02
3.369938918920617477e-01
-7.945258309999999810e-03
-5.029861890000000141e-02
1.320767247550961532e+00
1.718993057999999907e+00
6.547145497999999897e-01
1.768573523601544573e-01
-3.727899999944384035e-03
3.703177734000000221e-02
6.171316637405752786e-02
2.636802443999999856e-02
4.324501095493659547e-02
-2.336149696000000206e-02
9.850852194000000450e-01
3.699072984999999814e-01
-2.423695607025000594e-03
5.253907002560000150e-02
-6.452663572999999854e-03
1.098368580070250011e-01
6.378969192000000059e-03
-2.743774367499999395e-02
1.696020897000000138e-01
7.560803139999999756e-02
5.601517639999999965e-01
